
Estimated rates for sites from AAML.
(A1_Allochromatium_GammaP: 2.326166, (((((((A1_Thiomicrospira_GammaP_HydrothermalSulfurOx: 0.087128, AII_Hydrogenovibr_GammaP_HydrogenOxidizing: 0.020671): 0.188918, A_Alkalilimnicola_GammaP: 0.190829): 0.042532, (((((A_Acidithiobacillus_GammaP: 0.158066, ((A_Cupriavidus_BetaP: 0.118082, AII_Thiobacillus_BetaP: 0.046700): 0.052661, A_Nitrosomonas_BetaP: 0.147504): 0.063593): 0.086054, A_Methylococcus_GammaP_Methanotrophic: 0.114507): 0.044555, A_Halorhodospira_GammaP: 0.241648): 0.067437, A_Hydrogenophilus_BetaP_Thermophillic: 0.356686): 0.061570, AII_Rhodobacter_AlphaP: 0.338606): 0.068096): 0.367600, (A_Prochlorococcus_Cyanob: 0.037631, A_Synechococcus_Cyanob: 0.088360): 0.474181): 0.185572, A2_Allochromatium_GammaP: 0.654595): 0.190058, A2_Thiomicrospira_GammaP_HydrothermalSulfurOx: 0.187446): 0.622959, ((((((((B_Anabaena_Cyanob: 0.000000, B_Nostoc_Cyanob: 0.056790): 0.211951, B_Gloeobacter_Cyanob: 0.310240): 0.125518, (B_Synechocystis_Cyanob: 0.184133, B_Trichodesmium_Cyanob: 0.392212): 0.137403): 0.082028, B_Prochlorothrix_Cyano: 0.141578): 0.104114, (B_Synechococcus_Cyanob: 0.354043, B_Thermosynechococcus_Cyanob: 0.221352): 0.024079): 0.554806, ((B_Marchantia_Plant: 0.449725, ((B_Nicotiana_Planttabacco: 0.176339, B_Spinacia_Plant: 0.189859): 0.343769, B_Selaginella_PlantFern: 0.448411): 0.027004): 0.066893, B_Physcomitrella_PlantMoss: 0.405914): 0.128213): 0.197817, ((B_Chlamydomonas_Alga: 0.263382, B_Chlorellaalga: 1.123126): 0.052298, B_Euglena_Protist: 0.535867): 0.280238): 0.127211, B_Ostreococcus_alga: 0.580333): 0.285767): 0.378612, ((((((A_Nitrobacter_AlphaP: 0.023728, CD_Nitrobacter_AlphaP: 0.101299): 0.103953, (ACDII_Rhodopse_AlphaP_purple_Nonsulfur: 0.087167, CD_Acidiphilium_AlphaP: 0.333782): 0.066817): 0.080854, (CD_Paracoccus_AlphaP: 0.153804, (CD_Rhodobacter_AlphaP: 0.165931, CD_Sinorhizobium_AlphaP: 0.202215): 0.094092): 0.168719): 0.089726, CD_Burkholderia_BetaP: 0.464678): 0.038232, ((((CD_Cylindrotheca_alga: 0.054136, CD_Odontella_alga: 0.129878): 0.187961, (CD_Ectocarpus_algabrown: 0.134455, CD_Olisthodiscus_alga: 0.391665): 0.032130): 0.136444, CD_Porphyridium_alga: 0.129442): 0.095224, (CD_Emiliania_Diatom_PhytoplanktonEu: 0.102740, CD_Pleurochrysis_alga: 0.114485): 0.148334): 0.149262): 0.046450, ((CD_Nitrosococcus_GammaP: 0.130392, CD_Nitrosospira_BetaP: 0.098612): 0.097478, CD_Rubrivivax_BetaP: 0.220347): 0.088449): 0.494816);

Frequencies and rates for categories (K=4)
rate:  0.25144  0.61562  1.05933  2.07361
freq:  0.25000  0.25000  0.25000  0.25000

Posterior probabilities for site classes, by site

     1      0.2500    0.2500    0.2500    0.2500
     2      0.9989    0.0011    0.0000    0.0000
     3      0.7676    0.1997    0.0317    0.0010
     4      0.4352    0.4032    0.1493    0.0124
     5      0.0039    0.0815    0.3086    0.6060
     6      0.2450    0.4053    0.2826    0.0670
     7      0.4991    0.3397    0.1398    0.0214
     8      0.5150    0.3126    0.1429    0.0295
     9      0.1843    0.3723    0.3260    0.1174
    10      0.0668    0.3062    0.4115    0.2155
    11      0.0643    0.2014    0.3099    0.4243
    12      0.3457    0.3796    0.2218    0.0529
    13      0.2271    0.4040    0.2963    0.0726
    14      0.0714    0.2456    0.3699    0.3131
    15      0.5123    0.3248    0.1364    0.0265
    16      0.3215    0.4207    0.2238    0.0340
    17      0.0006    0.0158    0.1075    0.8762
    18      0.0035    0.0628    0.2388    0.6949
    19      0.1803    0.3301    0.2956    0.1940
    20      0.3030    0.3548    0.2559    0.0863
    21      0.1511    0.2504    0.2937    0.3048
    22      0.3985    0.3354    0.1938    0.0723
    23      0.1974    0.2767    0.2796    0.2463
    24      0.1274    0.2354    0.2995    0.3376
    25      0.1154    0.2305    0.3076    0.3465
    26      0.1541    0.2634    0.3038    0.2787
    27      0.1678    0.2761    0.3036    0.2526
    28      0.0939    0.1981    0.2905    0.4175
    29      0.0020    0.0567    0.2445    0.6968
    30      0.0242    0.1982    0.3858    0.3918
    31      0.0171    0.3171    0.4860    0.1799
    32      0.0073    0.2423    0.5278    0.2226
    33      0.0547    0.6078    0.3319    0.0056
    34      0.0472    0.5919    0.3537    0.0073
    35      0.0000    0.0053    0.1263    0.8684
    36      0.0007    0.1436    0.6478    0.2079
    37      0.0002    0.0826    0.5817    0.3354
    38      0.0408    0.4387    0.4813    0.0392
    39      0.0314    0.3958    0.5150    0.0578
    40      0.0004    0.0819    0.5318    0.3860
    41      0.7450    0.2241    0.0304    0.0004
    42      0.0016    0.0729    0.3479    0.5776
    43      0.0206    0.3748    0.5468    0.0578
    44      0.6811    0.2932    0.0256    0.0001
    45      0.0663    0.4543    0.4426    0.0368
    46      0.5047    0.3923    0.1011    0.0019
    47      0.1009    0.2742    0.3430    0.2819
    48      0.0333    0.1852    0.3559    0.4256
    49      0.2500    0.2500    0.2500    0.2500
    50      0.0946    0.2067    0.3034    0.3953
    51      0.0230    0.2313    0.4476    0.2981
    52      0.0025    0.0543    0.2357    0.7075
    53      0.0007    0.0235    0.1496    0.8261
    54      0.0084    0.0764    0.2330    0.6822
    55      0.0090    0.0890    0.2669    0.6352
    56      0.0406    0.2833    0.3976    0.2785
    57      0.0181    0.1887    0.3864    0.4068
    58      0.0004    0.0243    0.1596    0.8156
    59      0.2425    0.4994    0.2326    0.0254
    60      0.2525    0.4883    0.2304    0.0288
    61      0.0874    0.4327    0.4047    0.0753
    62      0.2991    0.3587    0.2635    0.0787
    63      0.2500    0.2500    0.2500    0.2500
    64      0.2500    0.2500    0.2500    0.2500
    65      0.3708    0.4578    0.1588    0.0126
    66      0.1038    0.3875    0.3956    0.1131
    67      0.6370    0.2861    0.0718    0.0052
    68      0.0105    0.1980    0.4502    0.3413
    69      0.2083    0.4594    0.2870    0.0454
    70      0.8122    0.1690    0.0187    0.0002
    71      0.1360    0.4711    0.3382    0.0546
    72      0.1383    0.5149    0.3235    0.0232
    73      0.0369    0.2885    0.4536    0.2210
    74      0.0006    0.0684    0.3534    0.5776
    75      0.1002    0.3894    0.4079    0.1024
    76      0.0000    0.0004    0.0238    0.9758
    77      0.0006    0.5295    0.4696    0.0003
    78      0.0011    0.4784    0.5197    0.0007
    79      0.0000    0.0151    0.6210    0.3639
    80      0.0035    0.6495    0.3467    0.0002
    81      0.0074    0.6389    0.3533    0.0004
    82      0.5111    0.4649    0.0240    0.0000
    83      0.5685    0.4275    0.0039    0.0000
    84      0.6666    0.3267    0.0067    0.0000
    85      0.9991    0.0009    0.0000    0.0000
    86      0.5575    0.4267    0.0157    0.0000
    87      0.9851    0.0149    0.0000    0.0000
    88      0.9623    0.0370    0.0007    0.0000
    89      0.0002    0.1158    0.7560    0.1280
    90      0.9618    0.0380    0.0002    0.0000
    91      0.0479    0.9050    0.0471    0.0000
    92      0.0030    0.4766    0.5170    0.0035
    93      0.0000    0.0000    0.0014    0.9986
    94      0.0005    0.5102    0.4890    0.0003
    95      0.7729    0.2256    0.0015    0.0000
    96      0.0000    0.0012    0.3076    0.6912
    97      0.0000    0.0000    0.0087    0.9913
    98      0.9993    0.0007    0.0000    0.0000
    99      0.0005    0.4837    0.5153    0.0005
   100      0.0000    0.0001    0.0534    0.9465
   101      0.7324    0.2608    0.0068    0.0000
   102      0.0000    0.1310    0.8568    0.0122
   103      0.0038    0.5555    0.4395    0.0012
   104      0.0000    0.0000    0.0440    0.9559
   105      0.2500    0.2500    0.2500    0.2500
   106      0.0000    0.0182    0.8825    0.0994
   107      0.0092    0.4928    0.4935    0.0045
   108      0.1686    0.6812    0.1499    0.0002
   109      0.0497    0.8708    0.0795    0.0000
   110      0.0017    0.3102    0.6631    0.0250
   111      0.0000    0.1505    0.8424    0.0071
   112      0.0011    0.4795    0.5181    0.0013
   113      0.9985    0.0015    0.0000    0.0000
   114      0.5908    0.4028    0.0063    0.0000
   115      0.0018    0.5737    0.4242    0.0003
   116      0.0344    0.7386    0.2268    0.0002
   117      0.0000    0.0124    0.5210    0.4666
   118      0.0016    0.3323    0.6534    0.0127
   119      0.0000    0.0457    0.8918    0.0625
   120      0.0208    0.7121    0.2665    0.0006
   121      0.2500    0.2500    0.2500    0.2500
   122      0.2500    0.2500    0.2500    0.2500
   123      0.2500    0.2500    0.2500    0.2500
   124      0.2500    0.2500    0.2500    0.2500
   125      0.2500    0.2500    0.2500    0.2500
   126      0.2500    0.2500    0.2500    0.2500
   127      0.2500    0.2500    0.2500    0.2500
   128      0.5827    0.2732    0.1190    0.0250
   129      0.1526    0.3258    0.3305    0.1911
   130      0.0140    0.1165    0.3027    0.5667
   131      0.1363    0.3312    0.3514    0.1811
   132      0.0051    0.0619    0.2269    0.7061
   133      0.0338    0.1964    0.3624    0.4074
   134      0.0452    0.1544    0.2902    0.5102
   135      0.0432    0.2401    0.3973    0.3194
   136      0.0029    0.0723    0.2840    0.6408
   137      0.5329    0.3367    0.1210    0.0094
   138      0.0639    0.3031    0.4115    0.2215
   139      0.0225    0.2644    0.4523    0.2609
   140      0.2500    0.2500    0.2500    0.2500
   141      0.1633    0.2631    0.2950    0.2786
   142      0.4352    0.2941    0.1888    0.0818
   143      0.3538    0.4663    0.1675    0.0124
   144      0.0000    0.0068    0.1007    0.8925
   145      0.0810    0.4009    0.3951    0.1230
   146      0.0944    0.3469    0.3941    0.1645
   147      0.0110    0.1070    0.3104    0.5716
   148      0.7768    0.1855    0.0363    0.0014
   149      0.7768    0.1855    0.0363    0.0014
   150      0.0034    0.4785    0.5152    0.0029
   151      0.0000    0.1046    0.8694    0.0260
   152      0.0000    0.0554    0.8815    0.0631
   153      0.8363    0.1607    0.0030    0.0000
   154      0.9829    0.0170    0.0001    0.0000
   155      0.4387    0.5455    0.0158    0.0000
   156      0.9422    0.0577    0.0001    0.0000
   157      0.7969    0.1958    0.0073    0.0000
   158      0.9789    0.0210    0.0001    0.0000
   159      0.3644    0.6033    0.0322    0.0000
   160      0.9623    0.0370    0.0007    0.0000
   161      0.9355    0.0644    0.0001    0.0000
   162      0.9933    0.0067    0.0000    0.0000
   163      0.0586    0.6830    0.2579    0.0005
   164      0.0215    0.7605    0.2179    0.0001
   165      0.0000    0.1041    0.8791    0.0167
   166      0.7849    0.2127    0.0024    0.0000
   167      0.0000    0.0000    0.0162    0.9838
   168      0.0002    0.2741    0.7182    0.0075
   169      0.0000    0.0475    0.8373    0.1152
   170      0.7659    0.2322    0.0019    0.0000
   171      0.2328    0.7210    0.0462    0.0000
   172      0.0000    0.0000    0.0132    0.9868
   173      0.9956    0.0044    0.0000    0.0000
   174      0.0002    0.3392    0.6569    0.0036
   175      0.0000    0.0000    0.0195    0.9805
   176      0.0001    0.1919    0.7893    0.0188
   177      0.7991    0.1993    0.0016    0.0000
   178      0.1278    0.7975    0.0747    0.0000
   179      0.0019    0.6014    0.3965    0.0002
   180      0.0001    0.2461    0.7479    0.0060
   181      0.0000    0.0648    0.8767    0.0585
   182      0.2500    0.2500    0.2500    0.2500
   183      0.0085    0.3734    0.5925    0.0256
   184      0.0000    0.0267    0.8632    0.1101
   185      0.0007    0.4842    0.5139    0.0012
   186      0.0307    0.8049    0.1643    0.0001
   187      0.8999    0.0997    0.0004    0.0000
   188      0.9302    0.0693    0.0005    0.0000
   189      0.0000    0.0811    0.8810    0.0379
   190      0.0000    0.0377    0.8347    0.1276
   191      0.5527    0.4294    0.0179    0.0000
   192      0.9775    0.0225    0.0001    0.0000
   193      0.9790    0.0209    0.0001    0.0000
   194      0.0445    0.9009    0.0546    0.0000
   195      0.0000    0.0109    0.6516    0.3375
   196      0.0000    0.0756    0.8784    0.0460
   197      0.9735    0.0264    0.0001    0.0000
   198      0.0021    0.6217    0.3758    0.0004
   199      0.9952    0.0047    0.0000    0.0000
   200      0.5903    0.3452    0.0639    0.0006
   201      0.0003    0.0325    0.2681    0.6992
   202      0.0000    0.0030    0.3997    0.5973
   203      0.0000    0.0000    0.0363    0.9637
   204      0.0302    0.8685    0.1013    0.0000
   205      0.9265    0.0732    0.0003    0.0000
   206      0.0355    0.8624    0.1021    0.0000
   207      0.9559    0.0440    0.0001    0.0000
   208      0.0003    0.4429    0.5563    0.0006
   209      0.7126    0.2824    0.0049    0.0000
   210      0.5984    0.3619    0.0397    0.0001
   211      0.0000    0.0000    0.0065    0.9935
   212      0.0000    0.0000    0.0020    0.9980
   213      0.0001    0.0778    0.6416    0.2806
   214      0.0031    0.1945    0.5397    0.2627
   215      0.0047    0.1909    0.5222    0.2821
   216      0.0436    0.4353    0.4758    0.0454
   217      0.0001    0.0322    0.3163    0.6514
   218      0.0241    0.3162    0.5307    0.1289
   219      0.0000    0.0033    0.0809    0.9157
   220      0.5233    0.3792    0.0954    0.0021
   221      0.0008    0.1024    0.5190    0.3778
   222      0.2773    0.4924    0.2198    0.0105
   223      0.0000    0.0073    0.1570    0.8357
   224      0.0000    0.0005    0.0314    0.9682
   225      0.0531    0.3173    0.4642    0.1654
   226      0.5109    0.3616    0.1220    0.0054
   227      0.0000    0.0002    0.0171    0.9827
   228      0.0003    0.0489    0.3560    0.5948
   229      0.0000    0.0053    0.1000    0.8947
   230      0.5408    0.3431    0.1108    0.0053
   231      0.0945    0.4871    0.3899    0.0285
   232      0.0082    0.1814    0.5230    0.2875
   233      0.0000    0.0005    0.0248    0.9747
   234      0.0008    0.0743    0.4165    0.5083
   235      0.2301    0.4162    0.2992    0.0546
   236      0.0040    0.1548    0.5147    0.3264
   237      0.0182    0.2146    0.4677    0.2995
   238      0.0000    0.0017    0.0465    0.9518
   239      0.0979    0.2929    0.3769    0.2323
   240      0.0057    0.1726    0.4829    0.3388
   241      0.1859    0.3949    0.3368    0.0824
   242      0.0271    0.3289    0.5018    0.1423
   243      0.0281    0.2671    0.4762    0.2286
   244      0.0000    0.0007    0.0355    0.9638
   245      0.7654    0.2065    0.0278    0.0003
   246      0.7410    0.2170    0.0406    0.0015
   247      0.0013    0.0393    0.2095    0.7499
   248      0.0084    0.0890    0.2533    0.6492
   249      0.1309    0.2852    0.3198    0.2641
   250      0.0172    0.0961    0.2497    0.6370

   Site  Freq   Data    Rate (posterior mean & category)

      1     1  -------------------------------S-------------------    1.000     1
      2     1  M-MM----M---MM----MMM-MMMMMMMMMMMMM------MM------M-    0.252     1
      3     1  --------S----------AA--AA--A--A--------------------    0.352     1
      4     1  --------E----------AA--SS--S--S--------------------    0.541     1
      5     1  -------------------VL--IS--A--S--------------------    1.635     4
      6     1  -------------------IT--VV--V--V--------------------    0.750     2
      7     1  -------------------AA--AL--A--L--------------------    0.527     1
      8     1  -------------------KS--SS--S--S--------------------    0.535     1
      9     1  -------------------SL--SS--T--S--------------------    0.864     2
     10     1  -------------------SV--AA--V--A--------------------    1.088     3
     11     1  -------------------V---VA-----R--------------------    1.348     4
     12     1  -------------------SS--VV--V--V--------------------    0.665     2
     13     1  -------------------AC--TA--A--A--------------------    0.770     2
     14     1  -------------------AP--PT--P--T--------------------    1.210     3
     15     1  -------------------VV--VR--V--V--------------------    0.528     1
     16     1  -------------------AA--AS--S--S--------------------    0.647     2
     17     1  -------------------RV--AN--V--R--------------------    1.941     4
     18     1  -------------------PA--LV--T--T--------------------    1.733     4
     19     1  --------------------A--AA--V--P--------------------    0.964     2
     20     1  --------------------K--A---A--A--------------------    0.745     2
     21     1  --------------------P------S-----------------------    1.135     4
     22     1  --------------------A--S---S-----------------------    0.662     1
     23     1  --------------------R--R---S-----------------------    1.027     3
     24     1  -----------------------T---V-----------------------    1.194     4
     25     1  -----------------------T---A-----------------------    1.215     4
     26     1  -----------------------S---A-----------------------    1.101     3
     27     1  -----------------------T---S-----------------------    1.057     3
     28     1  -----------------------S---R-----------------------    1.319     4
     29     1  --------T----------AL--GQ--E--Q--------------------    1.739     4
     30     1  --------Q----------RA--AA--S-EA--------------------    1.349     4
     31     1  --N-----D---PP-----SS--VN-SS-TS--------------------    1.087     3
     32     1  --TS----M---FF-----SP--SM-AS-AM--------------------    1.172     3
     33     1  --AIMMMMIM-MQQ-MMM-VA--VV-VV-AV--------------------    0.751     2
     34     1  -MSSSSSSRS-SSS-SSS-RW--SA-AK-AA--------------------    0.766     2
     35     1  -SSQEQDEDD-ETT-QTE-PP--AP-QA-PP--------------------    1.938     4
     36     1  -IMIVVVIVM-VVV-VVV-MA--FF-VF-LF--------------------    1.206     3
     37     1  -QGDQQMQQQ-IGG-QQM-AS--AT-QS-NT--------------------    1.363     3
     38     1  -DDDDDDDDD-DDD-DDD-AL--GG-QG-AG--------------------    0.871     3
     39     1  -YHYYYYYYY-YYY-YYY-LS--LL-VL-RL--------------------    0.917     3
     40     1  -PARKPNNPK-KQQ-PPK-KP--KK-AK-KK--------------------    1.414     3
     41     1  -S--SSSSSS-S---SSS--R---S--S-PS--------------------    0.358     1
     42     1  -R--RSRKRS-R---RRR--R---A--A-ST--------------------    1.612     4
     43     1  -L--LLLLLL-L---LLLQ-L-Q-AQ-TKTVKKKR----------------    0.935     3
     44     1  -S--SSSSNS-S---SSST-S-T-ST-LTSGTTTT----------------    0.379     1
     45     1  -D--DDDDDD-D---DRDL-P-L-FL-FLFFLLLL----------------    0.842     2
     46     1  PP--PPPPPS-P---PPPPPP-PPPP-TPPPPPPP----------------    0.480     1
     47     1  -------------------A---VV-----A--------------------    1.142     3
     48     1  -------------------V---SS-----T--------------------    1.382     4
     49     1  ------------------------R--------------------------    1.000     1
     50     1  -----------------------GK-----K--------------------    1.292     4
     51     1  -------------------KS--QQ-KS-KK--------------------    1.241     3
     52     1  --------------------P--SN--K-IN--------------------    1.751     4
     53     1  --------------------R--EL--S-DD--------------------    1.886     4
     54     1  --------------------G--WD--Q-GD--------------------    1.711     4
     55     1  --------------------P--QI--Q-GI--------------------    1.657     4
     56     1  T------------------AS--ST-TL-ET--------------------    1.183     3
     57     1  A------------------AQ--KS-VS-PS--------------------    1.374     4
     58     1  A------------------PT--TI-AS-PL--------------------    1.876     4
     59     1  I------------------VA--IA-VV-VA--------------------    0.668     2
     60     1  T------------------AA--TS-SQ-SS--------------------    0.668     2
     61     1  Q------------------AA--NN-TN-SN--------------------    0.873     2
     62     1  -------------------PP--GG-GG-GG--------------------    0.738     2
     63     1  --------------------------K------------------------    1.000     1
     64     1  --------------------------V------------------------    1.000     1
     65     1  T------------------AA--SG-AS-SG--------------------    0.569     2
     66     1  T------------------QR--RR-NR-RR--------------------    0.918     3
     67     1  A------------------AC--VV-AV-VV--------------------    0.423     1
     68     1  S------------------NS--SQ-KQ-NQ--------------------    1.309     3
     69     1  A------------------QC--CC-SC-CC--------------------    0.733     2
     70     1  A------------------M-M-MM-MM-MM--------------------    0.328     1
     71     1  I------------------M-K-QQ-MQ-QK--------------------    0.796     2
     72     1  H------------------V-V-VV-IV-IV----------MM------M-    0.743     2
     73     1  A------------------WGW-WW-WW-VW----------TT------T-    1.126     3
     74     1  A------------------TSN-EP-RN-CP----------NN------N-    1.614     4
     75     1  P------------------PPP-PP-PP-PT----------HF------P-    0.909     3
     76     1  F------------------VLV-YI-HI-LQ----------GQ------T-    2.049     4
     77     1  QQTTATANKGMGTTMTEAKNTNKNNKGGKSNKKKKMMMMMMNNMMMMMMGM    0.824     2
     78     1  ASIQSSSSSSRSVVRSSSENTNKNKENQENMEEEERRRRKRRRRRRKRRRR    0.847     3
     79     1  ARGYRRRRKRIRAALRRRRKSKKLKRKPRSKRRRRLILVLIILLLILLILI    1.422     3
     80     1  RKRTKKKRRKTKTTTKKKRMSFFKKRMKRRRRRRRTTTTTTTTTTTTTTTT    0.769     2
     81     1  FAYLFLFFFFQFLLQAMFYFSWYFYYFFYFYFYYYQQQQQQQQQQQQQQQQ    0.770     2
     82     1  HEEEEGEEEEGEEEGEGEEEREEEEEEEEEEEEEEGGGGGGGGGGGGGGGG    0.440     1
     83     1  DTTTTTTTTTCTTTCTTTTTPTTTTTTTTTTTTTTCTCCCCQQCACATCQC    0.410     1
     84     1  AFFFLFFFFFFFFFFFFFLFSFMLLLFFLLLFLFLFFFFFFFFFFFFFFFF    0.376     1
     85     1  HSSSSSSSSSSSGGSSSSSSPSSSSSSSSSSSSSSSSSSSSSSSSSSSSSS    0.252     1
     86     1  LYYFYYYYYYFYFFFYYYYYTYYYYYFYYYYYYYYFFFFFFFFFYFFFFFF    0.420     1
     87     1  QLLLLLLLLLLLLLLLLLLLCLLLLLLLLLLLLLLLLLLLLLLLLLLLLLL    0.257     1
     88     2  PPPPPPPPPPPPPPPPPPPPPPPPPPPPPPPPPPPPPPPPPPPPPPPPPPP    0.266     1
     89     1  -KPEAPAEQPDSPPDKPAPP-PPADPPPPPPPPPPDEDDDDDPDDDDDDDD    1.138     3
     90     1  -MLLLMMMMMLLMMLMMMLL-LLLLLLLLLLLLLLLLLLLLLLLLLLLLLL    0.265     1
     91     1  ATNTTTDSSNTDTTTTGNTTSSTSSTSSSSTSTSTTTTSTTTTTTTTTTTT    0.619     2
     92     1  EARAADADAPDQQQDAEADDDDDQQDDDDPTDDDDDDDDDDDDDDDDDDDD    0.849     3
     93     1  SEEDEDAAEEEDEDEDAAVERAADEVADQDDRQALEEEDEDEKQAEAAAEE    2.072     4
     94     1  RQEEQESDEKQQEEQQEDQQREEAQQEQQNQQQQQQEQQQQQQQQQQQQEQ    0.833     2
     95     1  MIIIILIVIIIIIIIIIIIIPIILLIIIIVLIIIIIIIIIIIIIIIVIIII    0.335     1
     96     1  LKLYRRKRRRSRYYAKRREADAAALEAAAAAAAARSREKTSLSEIRTQSTT    1.760     4
     97     1  GAEDQRRKKRKKDDAARKKARKKKSKKRRRRAKRKRLKQKRAAKKDKKALA    2.065     4
     98     1  QQQQQQQQQQQQQQQQQQQQQQQQEQQQQEQQQQQQQQQQQQQQQQQQQQQ    0.252     1
     99     1  LVIIVVVVIVIVIIVVVVVVAVIIVVCVIIVIVILIIVVIIIIIIVIVVIV    0.845     3
    100     1  EQLVAEEQEEQEAAQEEEQDGDQDEQQDEDDEEQQQDNAQQKKADEQQDEQ    2.019     4
    101     1  HYYYYYYYYYYYYYYYWYYYRMYYYYYYYYYYFYYYYYYYYYYYYYYYYYY    0.352     1
    102     1  CIIIIILIIICIIIAIILIILIMVLILMMMLMLAICAAAACAACCIAACGC    1.014     3
    103     1  LILIVIVVVVLVIILIVVLVHILILLLIVLLILILLLIMLLLLILLLVLLL    0.811     2
    104     1  HDDNSEKDSSTKAASSKSSAHADKKSNQRSNEDDDDSSSNSKKDSSNSGKG    2.029     4
    105     1  --------------------P------------------------------    1.000     1
    106     1  RRNQKKKQKRQKQQKKNKQNSKKSNQNQEKNQQQQKQKKKQNNKRRKKRKK    1.152     3
    107     1  GGGGGGGGGGGGGGGGGGGGGGGGGGGNGNKGGGGGGGGSNDNGGDSKGGG    0.838     3
    108     1  CWWWWWWWWWWWWWWWWWYWWWYWWYWLYWWFFYFWWWWWWWWWWWWWWYW    0.621     2
    109     1  INNSNNNNNNANSSANNNIITIIAVITIIIVHIHIAAAAAAAAASAAAAAA    0.633     2
    110     1  IPAPPPPPPPVPPPVPPPPPPPPPPPPPPPPPPPAVCMVLVVIMVVIVVWI    0.946     3
    111     1  AASAAAAAAANAVLNAGAACACCCCACCACCLGCGNSNSSNNGNGGSSSSG    1.000     3
    112     1  IILLVIIIIIIVIVLIIIVLLLVILVIIVLLIVVVLVVVIIVIVVIIVLIV    0.847     3
    113     1  EEEEEEEEEEEEEEEEEEEEEEEEEEEEEEEEEEEEEEEEEEEEEEEEEEE    0.252     1
    114     1  HHHHHHHHHHFHHHFHHHFFFFFFFFFFFFFFFFFYYWWYFYYWWFYYHYY    0.403     1
    115     1  ASEETSITCTTTVVTSTTNASSNDENEDNDENENSTTTTTTTTTTTTTTTT    0.804     2
    116     1  EEHEEEEEEEDEHHDEEEEENLEVTEDTEHTEEEEDDDDDDDDDDDDDDDD    0.704     2
    117     1  RPPPPPPPPPDPPPDPPPAAARTQEVAVDVDHDTSDDDDDDDDDDEDDDDD    1.527     3
    118     1  VEDAEEEEEEPESSPEDESDEESGHSEGSGHSPSSPPPPPPPPPPPPPPPP    0.923     3
    119     1  QNRKNNYNNNHFGNHNFHEKSIETGEHADAGNQNDHHHHHHHHHHHHHHHH    1.102     3
    120     1  AAAAAALAAAPLSCPAALPAASPVFPAVAIFPPAAPPPPPPPPPPPPPPPP    0.727     2
    121     1  ---------------------E-----------------------------    1.000     1
    122     1  ---------------------R-----------------------------    1.000     1
    123     1  ---------------------A-----------------------------    1.000     1
    124     1  ---------------------Y-----------------------------    1.000     1
    125     1  ---------------------P-----------------------------    1.000     1
    126     2  ---------------------C-----------------------------    1.000     1
    127     2  ---------------------C-----------------------------    1.000     1
    128     1  -------------------YYY----Y------------------------    0.493     1
    129     1  -------------------VVI----A------------------------    0.985     3
    130     1  -------------------SKA----D------------------------    1.571     4
    131     1  -------------------NDN----G------------------------    0.986     3
    132     1  -------------------EVD----H------------------------    1.744     4
    133     1  -------------------SAN----G------------------------    1.358     4
    134     1  --------------------N-----W------------------------    1.472     4
    135     1  -------------------A-T--V-S---V--------------------    1.242     3
    136     1  -------------------IIY-TY-NS-SY--------------------    1.675     4
    137     1  -------------------RRR-RR-LR-RR--------------------    0.489     1
    138     1  -------------------FFF-EE-DT-EE--------------------    1.098     3
    139     1  -------------------GTS-GN-SN-NH--------------------    1.188     3
    140     1  ---------------------------F-----------------------    1.000     1
    141     1  --------------------G------S-----------------------    1.093     3
    142     1  --------------------G------G-----------------------    0.660     1
    143     1  -------------------SSG-SN-SS-SH--------------------    0.579     2
    144     1  -------------------VAT-TK-IG-RN--------------------    1.961     4
    145     1  -------------------SSA-MS-NS-ES--------------------    0.941     2
    146     1  -------------------CCA-PP-SS-PP--------------------    0.996     3
    147     1  -------------------LNG-GG-LG-GG--------------------    1.583     4
    148     2  -------------------YYY-YY-YY-YY--------------------    0.351     1
    149     2  -------------------YYY-YY-YY-YY--------------------    0.351     1
    150     1  AFFSFHMFIFRMMMRFAMTDDDTDDTDDTDDEEEERRRRRRRRRRRRRRRR    0.847     3
    151     1  YSEDGMDDLDNSQANSQDENNNMGGENGTGGETIMNNNNNNNNNNNNNNNN    1.039     3
    152     1  TYYHNYSHHHTNTTTYISFRRRVRRLRRCRRFHRHTTNSNTTTSATSSTTT    1.099     3
    153     1  AYYYYFYYYYYYYYYYYYYYYYYYYYYYYYYYFYYYYYYYYYYYYYYFYYY    0.312     1
    154     1  WWWWWWWWWWWWWWWWWWWWWWWWWWWWWWWWWWWWWWWWWWWWWWWWWWW    0.258     1
    155     1  EYPGYYYYYYDYSSEYYYTTATTTTTVTTTTTTTTEEEEEEEEEEEEEEEE    0.463     2
    156     1  PMMMMMMMMMMMYYMMMMLMMMMMMLMMMLMMMMLMMLLMMMMLLMMLMMM    0.273     1
    157     1  WWWWWWWWWWWWWWWWWWWWYWWWWWWWWWWWWWWWWWWWWFFWWWWWWYW    0.329     1
    158     1  EKKKKKKKKKNKKKGKKKKKKKKKKKKKKKKKKKKGGGGGNGGGGGGGGGG    0.259     1
    159     1  PLMLLLLLLLLLLLLLLLLLLLLLLLLLLLLLLLLLLLLLLINLLNLLMMN    0.497     2
    160     2  PPPPPPPPPPPPPPPPPPPPPPPPPPPPPPPPPPPPPPPPPPPPPPPPPPP    0.266     1
    161     1  SMFMMMMMMMMMFFMMMMLMMMLMMLMMLMMLFLLMMLLLMMMLLMLLMMM    0.275     1
    162     1  CFFFFFFFFFFFFFFFFFFFFFFFFFYFFFFFFFFFFFFFFFFFFFFFFFF    0.254     1
    163     1  YGGGGGGGGGDGGGDGGGGGGGSGGGGGHGGAGNQDDDDDDDDDDDDDDDD    0.709     2
    164     1  SEETEEEEEELEEELEEEACCCVCCACCACCCGCAILIVMLLLIVLVVLLL    0.705     2
    165     1  GTQRTTTTTTKTKKQTTTKRTTRTTKQTTSTAATRRRKKKPKKKKKKKRQK    1.030     3
    166     1  DDDDDDDDDDDDDDDDDDTDDDSDDTNDSDDATNTDDDDDDDDDDDDDDDD    0.331     1
    167     1  MAPPVVVVVVAVLLAAVISPAAPSASTSTPPPAAIAAPPPAPPISAPAPAA    2.057     4
    168     1  ADNNDDDDDDADNNANDDRMSSQATRDSQAAQNQDKAAAAAAAASKASKAK    0.945     3
    169     1  AAVETRRAKAGRLVGVAREQQQESQEEQEQQQEDEAGSAAGGGSAGAAGGG    1.155     3
    170     1  VVIVIVVIIIVIVVVVIIVVVVVVVVVVVVVVVVVIVVVVVIIVIVILVVV    0.338     1
    171     1  HLLLLLLLILLLVVMLLLLLLLLLLLLLLLLLLLLMLMMLLMLMLMLMMLM    0.551     2
    172     1  GATAKAAKAAMASSMAAGGRAKSRAAARGRNDANVSQFYFMMQFYMFYIMM    2.060     4
    173     1  AEEEEEEEEEEEEEEEEEEEEEEEEEEEEEEEEEEEEEEEEEEEEEEEEEE    0.253     1
    174     1  IVIIAAAAIALALLLVLAVIILVIVVVIVILVVVILVLLILIILVLIILLL    0.912     3
    175     1  ADEDEEKEEENEEENDKEQVASNEEQNQREERRQDAKQANKNNSNDNADNE    2.054     4
    176     1  RASAAAAAAAEAAAEAAAAANPAEESMEEEEEEQADAEEMEDDEEEMAEAD    0.993     3
    177     1  CCCCCCCCCCCCCCCCCCCCALCCACACCCCCCCCCCACCCCCACCACCCC    0.325     1
    178     1  RIRRHHHHKHRHHHRIHHRTVERKKRKKRKKRRRRRRRRKRRRRRRRRRRR    0.602     2
    179     1  QKRQKKKKRKKKRRKKEKSKKFSKKSKTTSKSSSSRAKKKKKKKRKKKKKK    0.791     2
    180     1  AASAAAAASAVAAAIAAAQATASIAQCSEMEEEEEIAAVAVTTSLAAAATA    0.956     3
    181     1  HNYYNHNHNHYNYYYNNNYFFAYYYYFYYYYYNYNHQCNKYYYCNHKKWFH    1.090     3
    182     1  -----------------------G---------------------------    1.000     1
    183     1  CPPPPPPPPPGPPPGPPPPPPPPTPPPPPPPGPPPDPAPPGPPAPGPPPPP    0.913     3
    184     1  DNDNHNNENNDNDDDNGNGDDEGKQGDSNNNDNNDDQAENDNNNEDNNGNQ    1.159     3
    185     1  HNHHNNNHHNRNHHRNHNHASNCCAHCCCAACCCCCHGGFRHHGGSYYRHD    0.845     3
    186     1  HHHLHHHHLHYHHHYHHHYYYFFYWYYWYYFYYFFYYYYYYYYYYYYYYYY    0.677     2
    187     1  IVVIVVVVIVIVVVIVVVIVVVIIIIIVIIIIIIIIIIIVIVIIIILIIII    0.288     1
    188     1  RRRRRRRRKRRRRRRRRRRRRRRRRRRRRRRRRRRRKRKKRRRRKRKKRRR    0.277     1
    189     1  LLLLILLLLLMLIILLLLVLMLVCIVVVVVIVVVVLVMICIVVMLIIVILL    1.062     3
    190     1  SIVVVIVIIVSIIVSIIVVVAAILIVVLVLIAIVMSNNNVSTTNVNANNMN    1.172     3
    191     1  VGGGGGGGGGAGGGAGGGGAAAGGGGGGGGGGGAGAAAAAGAAAAACAAAA    0.422     1
    192     1  EYYYYYYYYYFYYYFYYYFFFFFFFFFFFFFFFFFFFFFFFFFFFFFFFFF    0.260     1
    193     1  DDDDDDDDDDDNDDDDDDDDDDDDDDDDDDDDDDDDDDDDDNDDNDDDDDD    0.259     1
    194     1  VNTNNNNNNNSNAASNNNNNASNNNNNSNNSNNNNASAANSSSAASNNSSS    0.624     2
    195     1  SYYYFYFYIFSFYYSYFFIQVVITVIIKIINIIIVTVSSTSHSSATTTTTS    1.397     3
    196     1  YAATKAKRRRHNTTHATAKKRKRRRKKKKRRKKKKNRYIRPRRYRRRRRRR    1.072     3
    197     1  HQQQQQQQQQGQQQGQQQQQQQQQQQQQQQQEQQQTGGGGGGGGGGGGGGG    0.261     1
    198     1  SSSCSSSTTTWSSSWSSSCVVVCVVCVVCVVCCCCWFTTTWVVTTWIVFIL    0.782     2
    199     1  RQKQQQQQQQEQQQEQQQQQQQQQQQQQQQQQQQQEEEEEEEEEEEEEEEE    0.253     1
    200     1  ----------S---S--------------------STSSSSSSSSTSSTST    0.430     1
    201     1  ----------V---V--------------------LMCCAVPPCSVCCVIV    1.754     4
    202     1  -GGGGGGGGGKGGGRGGGVITVTCCICISCCTTVVRRVVVKCAVAMVCTAT    1.664     4
    203     1  LAHHTAATTAITTALAAALMVTMAILACVIVSVMLILMMLIMMMSMLLMMM    2.037     4
    204     1  ANSNSAAAAASAACSNNASGASSMSSGGSSSSSSSSSSSSSSSSASSSSSS    0.650     2
    205     1  LMFFLMMMMMFMFFFMMMFFIFFFFFFFFFFFFFFFFFFFFFYFFFFFFFF    0.278     1
    206     1  MLLVVTVVLVIVVVILIVILLVIIIILLIIIIIIIIIIIIIIIIIIIIILI    0.648     2
    207     1  VVAVVVVIVIVIVVVVVIVVVVVVAVVVVVAVVVVVVVVVVVVVVVVIVVV    0.268     1
    208     1  HKHYYYYYYYNYFFNKYYHQHQYHYHYAHQYHHYHQNNQQNNNSQNQNNNN    0.863     3
    209     1  RRRRRRRRRRRRQERRRRKRRRKQKKRRKKKRKKKRRRRRRRRRRRRRRRR    0.358     1
    210     1  PGPPGAGGPGPGGGPGGGPPPPPPPPPPPPPPPPPPPPPPPPPPPPPPPPP    0.415     1
    211     1  HDRRKTKPAPKKRRKDTKSKAS-TESANNSAGNNNKDAIAKKKSKKSIEPE    2.067     4
    212     1  -M-GTPTIQSDT--DMATRTSG-QGRS-RKGRQQQDENTYNNNNSSYNVTN    2.072     4
    213     1  ---MVRVD-VEV--E-VVYAAS--YYG-YKY-NAREEEEEEEEEEEEEEEE    1.309     3
    214     1  -------A--P---P----RTS----A--H--QNRPPPPPPPPPPPPPPPP    1.237     3
    215     1  ----------G---G----DDW----A--S--GSYGGGGGGGGGGGGGSGS    1.257     3
    216     1  ----------F---F----FY-----C-----RG-FFFFFFFFFFFFFLFL    0.877     3
    217     1  ----------R---R----QR-----A-----YY-MRYYRRGGYYRKHRGR    1.706     4
    218     1  ----------L---L-----L-----V--------LLLLLLLLLLTMLMVM    1.030     3
    219     1  ----------E---D-----P-----D--------TTEESEVVEEWTEEVT    1.987     4
    220     1  ----------R---R-----E-----K--------RRRRRRRRRRRRRRRR    0.470     1
    221     1  ----------Q---Q-----N-----R--------SQANQQQQTTMQQTQT    1.396     3
    222     1  ----------E---E-----P-----Q--------EDEEEEEEEEEEEEEE    0.628     2
    223     1  ----------S---V-----Q-----I--------AGGVVSVVGAAVVVVS    1.904     4
    224     1  ----------D---D-----P-----Q--------APKQQDDDAEDKQDNN    2.041     4
    225     1  ----------N---G-----L-----G--------GGGGGSGGGGGGGGGG    1.043     3
    226     1  ----------R---R-----I--------------RRRRRRRRRRRRRRRR    0.492     1
    227     1  ----------N---N-----G--------------TVQNNNHQFMHQNSSS    2.056     4
    228     1  ----------I---M-----C--------------MQIILVIIIIILIIMQ    1.641     4
    229     1  ----------R---R-----T--------------RRNQVRNRTRRVLRRH    1.964     4
    230     1  ----------Y---Y-----T--------------YYYYYYYYYYYYYYYY    0.476     1
    231     1  ----------T---T-----Q--------------EGTTTTTTTTTTTTTM    0.796     2
    232     1  ----------T---T-----L--------------TLIILTVVIIHLIHVW    1.264     3
    233     1  ----------T---R-----E--------------RSKSETRHKHEEKSHE    2.048     4
    234     1  ----------S---A--------------------AGSSASSSRSLSSIST    1.541     4
    235     1  ----------Y---Y--------------------YYYYYYYYYYVYYVYQ    0.744     2
    236     1  ----------A---S--------------------VASASAAASAGSARAR    1.318     3
    237     1  ----------V---A--------------------VGVVVVATVV-VV-T-    1.253     3
    238     1  ----------T---D--------------------QDQQSADEQA-DN-D-    2.024     4
    239     1  ----------A--------------------------AAAE--AR-A----    1.086     3
    240     1  ----------R---K-----R--------------KRNRKRRKNN-KK-K-    1.322     3
    241     1  ----------P---P----PP--------------PPPPPSPPAP-PP-P-    0.817     2
    242     1  ----------E---E----AQ--------E---S-ESESEEEEEE-EE-E-    1.036     3
    243     1  ----------G---G----NY------------G-GGGGGGGAGG-GG-A-    1.150     3
    244     1  ----------Q---R----KC------------Y-AEGDEQEESS-ES-Q-    2.037     4
    245     1  ----------R---R----RK------------R-RRRRRRRRRR-RR-R-    0.350     1
    246     1  ----------Y---Y----SS------------Y-YYYYYYYYYY-YY-Y-    0.366     1
    247     1  ----------S---G----VL--------------GG---SQ---------    1.801     4
    248     1  ----------S---G-----A--------------NP---S----------    1.672     4
    249     1  --------------------N--------------SA--------------    1.095     3
    250     1  --------------------L--------------GR--------------    1.649     4

lnL =  -8766.900720

mean(r^)=   0.9907  var(r^)=   0.2674
Accuracy of rate prediction: corr(r^,r) =   0.6696
