51
A1_Allochromatium_GammaP                      0.0000000 3.0215956 2.9174211 2.8867831 3.3166907 2.9093292 3.1828914 2.8699735 2.7448013 3.0251833 2.7390283 3.3174456 3.0248213 3.1457894 2.7236582 3.2263264 3.0156448 3.0389490 2.9013419 2.9755833 3.0083689 4.3318575 3.3149439 3.3240411 3.8792742 2.9733419 3.4612898 4.0268456 2.6610727 3.6787248 4.2877097 3.1309223 2.9994415 2.9802538 2.7533822 2.6534869 3.1369648 3.3029771 3.0233773 3.2699049 2.9586785 3.2961186 3.1185186 2.9864212 3.1077597 2.9121622 3.1097164 3.1960859 2.9586064 3.1108150 2.7875196 
A1_Thiomicrospira_GammaP_HydrothermalSulfurOx 3.0215956 0.0000000 1.0472313 0.9335824 0.4700852 0.4187466 0.5204086 0.4934545 0.5652168 0.4557945 2.0429962 0.5686228 1.1775680 1.1781750 2.0164044 0.0925883 0.5707029 0.5226728 1.4865708 1.3439628 2.0008409 1.6368065 1.6386558 1.7450874 1.7126152 1.5393813 1.4164108 1.9264587 1.4882594 2.0972403 1.9320567 1.6405063 1.4072346 1.4460281 1.4373749 2.0344137 1.8749785 2.3070824 2.1628667 1.7364620 2.1005818 2.1062689 2.1566852 2.2921185 1.9994958 1.9524652 2.0186813 1.9751243 1.9272990 1.9313684 1.8178795 
A2_Allochromatium_GammaP                      2.9174211 1.0472313 0.0000000 0.8761933 1.1169432 1.1595835 1.3825975 1.0899476 1.1556140 1.0738603 2.1535779 1.3241503 0.9658419 0.9801992 2.0915762 1.0371483 1.2582062 1.2207763 1.4350797 1.4302677 2.5029280 1.9310064 1.5186503 1.9364733 1.6627464 1.4397604 1.5432983 1.9154099 1.6465334 1.7044310 1.6142843 1.6129500 1.5392140 1.5822300 1.5686372 1.9464027 2.1599886 2.5543310 2.3271425 2.0210437 2.2153270 1.7737483 1.9104600 2.5447374 2.0946524 2.3031466 2.2341107 2.3975173 2.0938491 1.9416976 2.2046305 
A2_Thiomicrospira_GammaP_HydrothermalSulfurOx 2.8867831 0.9335824 0.8761933 0.0000000 0.9548267 0.9564473 1.1281526 1.0076391 0.9517210 0.9859315 1.6576953 1.1147318 0.8483076 0.8283392 1.7449538 0.8183516 1.1536290 1.0669696 1.2114407 1.2171835 2.3600840 1.5789414 1.1565244 1.4537831 1.4654214 1.2366018 1.2403295 1.4895162 1.3479353 1.5689173 1.4665315 1.4006182 1.3419016 1.2842115 1.3357614 1.7225089 1.5727255 2.0074129 1.9886364 1.6251960 1.7186145 1.6118476 1.6621063 2.0285977 1.8823752 1.7365913 1.7697821 1.7958758 1.6441740 1.6589875 1.8075508 
A_Acidithiobacillus_GammaP                    3.3166907 0.4700852 1.1169432 0.9548267 0.0000000 0.4836120 0.3125787 0.3963622 0.5495225 0.3110567 2.0969654 0.2591025 0.9509789 0.9423040 2.1379518 0.4147705 0.5525189 0.2584505 1.3855500 1.2683411 2.2880358 1.4826346 1.5695653 1.4690861 1.5126298 1.4411544 1.4023349 1.8103620 1.3247348 1.7154670 1.6324941 1.6635227 1.4512476 1.3756789 1.4152517 2.1285783 1.7940621 2.1418764 1.9009718 1.9222135 2.0592053 2.1013444 2.1497120 2.2393510 1.9184995 1.8795155 2.1623260 1.8650502 2.1119415 2.0774543 1.9071100 
A_Alkalilimnicola_GammaP                      2.9093292 0.4187466 1.1595835 0.9564473 0.4836120 0.0000000 0.4517290 0.4652926 0.5665906 0.3835303 2.1178980 0.4580906 0.9573210 0.9830709 2.2003450 0.3230495 0.4655448 0.4291278 1.5700574 1.4979441 2.0303224 1.5265769 1.5115616 1.5479773 1.7100140 1.6231927 1.3226836 1.8201092 1.4472652 1.8676860 1.7085662 1.6228934 1.4598924 1.4377310 1.4254934 2.0840142 1.9050549 2.2941283 2.2243106 1.9602755 2.0430576 2.2469780 2.2026020 2.2429861 2.1173975 1.9989630 2.2061327 1.9821484 2.1577486 1.9184023 1.9837323 
A_Cupriavidus_BetaP                           3.1828914 0.5204086 1.3825975 1.1281526 0.3125787 0.4517290 0.0000000 0.4619517 0.5925198 0.3143600 2.2974921 0.2358521 1.0752431 1.0943664 2.4002854 0.4635513 0.4541879 0.1397276 1.5961610 1.4935259 2.2368079 1.6002734 1.6895491 1.6257546 1.7023659 1.6260706 1.3280530 1.9524705 1.4000987 1.9951083 1.8974836 1.6689083 1.5497294 1.5268631 1.8070706 2.3473328 2.1191120 2.6440102 2.3579469 2.1339635 2.2384174 2.3715896 2.3239999 2.5179153 2.0188200 2.2932817 2.2467330 2.0755104 2.2830576 2.0247608 2.2475359 
A_Halorhodospira_GammaP                       2.8699735 0.4934545 1.0899476 1.0076391 0.3963622 0.4652926 0.4619517 0.0000000 0.5123310 0.2827725 2.0923441 0.4361434 1.0037173 1.0892707 2.3174827 0.5316499 0.5877352 0.3724158 1.4335121 1.4478671 2.2334325 1.3605373 1.5021125 1.5258288 1.7029533 1.4940572 1.2549848 1.8975070 1.5482258 1.9609159 1.8141925 1.5984146 1.5756285 1.4038892 1.5057822 2.1510042 1.8440235 2.4090174 2.2452124 1.8860818 2.1588397 2.1493349 2.1675558 2.4318297 1.9008517 2.1340380 1.9532809 1.8245944 2.0693260 1.9518759 2.0004817 
A_Hydrogenophilus_BetaP_Thermophillic         2.7448013 0.5652168 1.1556140 0.9517210 0.5495225 0.5665906 0.5925198 0.5123310 0.0000000 0.4928240 2.2452866 0.5719154 1.1744155 1.3032632 2.3672151 0.5501059 0.6792632 0.5490648 1.3278488 1.4259066 2.0835591 1.4160622 1.2572980 1.6090808 1.5741668 1.3552949 1.1777128 1.8858618 1.2432156 1.7025766 1.6458348 1.4884918 1.3085991 1.2185784 1.2235927 2.2030261 1.7525021 2.3253187 2.2549196 1.7511671 2.3346398 2.1699985 2.1563605 2.3258241 1.8879507 2.1385954 2.0525454 1.8385731 2.3081733 1.8086275 2.1485394 
A_Methylococcus_GammaP_Methanotrophic         3.0251833 0.4557945 1.0738603 0.9859315 0.3110567 0.3835303 0.3143600 0.2827725 0.4928240 0.0000000 2.2317596 0.3243000 1.0491226 1.0585583 2.3140571 0.4594458 0.4843549 0.2648570 1.5153500 1.3159814 2.1210504 1.5094004 1.7154332 1.5269267 1.5847764 1.5481377 1.2450536 1.7190644 1.4322583 1.6843419 1.6789695 1.6746039 1.6030843 1.4841958 1.6543128 2.2066260 1.9592212 2.3577499 2.3295356 1.9263311 2.2282815 2.2413642 2.1886852 2.4772517 1.9034717 1.9425561 2.2045745 1.9199248 2.2206562 1.8854805 2.0403528 
A_Nitrobacter_AlphaP                          2.7390283 2.0429962 2.1535779 1.6576953 2.0969654 2.1178980 2.2974921 2.0923441 2.2452866 2.2317596 0.0000000 2.2216179 1.9851109 2.0833803 0.2555812 2.1324680 2.2377128 2.2202234 1.7474521 1.6785010 2.6814492 1.9962009 1.5616605 1.6945334 1.8422741 1.7455467 1.8272810 1.9104400 1.7009695 2.0241885 1.7830863 1.6363925 1.6806835 1.6866262 1.8593773 0.4824025 0.6692268 0.5536425 0.5999883 0.6182517 0.1242332 0.5276378 0.5436101 0.5991633 0.6815296 0.4269162 0.7090342 0.6532543 0.5310497 0.5797823 0.5531145 
A_Nitrosomonas_BetaP                          3.3174456 0.5686228 1.3241503 1.1147318 0.2591025 0.4580906 0.2358521 0.4361434 0.5719154 0.3243000 2.2216179 0.0000000 1.0306912 1.0794266 2.3464739 0.4848235 0.4779023 0.2039915 1.6501728 1.4558238 2.4507203 1.5782481 1.7159493 1.5149126 1.5238411 1.6788662 1.4965030 1.8454603 1.4840373 1.9433799 1.7849700 1.8267666 1.5244187 1.6055206 1.6595956 2.2043704 2.1735630 2.3759986 2.2620601 2.0834475 2.2754396 2.1044353 2.2764505 2.4356011 1.9572429 2.1559345 2.3588936 2.0267446 2.3455772 2.0187800 2.1396121 
A_Prochlorococcus_Cyanob                      3.0248213 1.1775680 0.9658419 0.8483076 0.9509789 0.9573210 1.0752431 1.0037173 1.1744155 1.0491226 1.9851109 1.0306912 0.0000000 0.1072608 2.2647554 1.0633594 1.0363245 1.0121073 1.5766724 1.7597225 2.8391889 1.8670541 1.6211779 2.0460794 2.0150635 1.6202264 1.9708535 2.0969168 1.7783511 2.0959720 1.9436078 1.8060530 1.8714144 1.7850484 1.8282881 2.0470609 2.0466614 2.3301190 2.1408062 2.2774502 2.0767364 2.0875700 2.1566055 2.2311916 2.1308915 2.0438002 2.5412675 2.3356374 2.1731417 2.1520021 2.1940143 
A_Synechococcus_Cyanob                        3.1457894 1.1781750 0.9801992 0.8283392 0.9423040 0.9830709 1.0943664 1.0892707 1.3032632 1.0585583 2.0833803 1.0794266 0.1072608 0.0000000 2.3391380 1.0061776 1.0979355 1.0287610 1.6033143 1.8425753 3.0152348 2.0361361 1.6816134 1.9767766 2.1375767 1.6475009 1.9636224 2.1247899 1.7459503 2.1066926 1.9826194 1.8214623 1.9032321 1.7055098 1.8338137 2.1156040 2.0900893 2.3889178 2.1003543 2.3502843 2.0947199 2.1276737 2.2513210 2.2744030 2.1639151 2.1655417 2.5919214 2.3404995 2.2428224 2.2806961 2.2543658 
ACDII_Rhodopse_AlphaP_purple_Nonsulfur        2.7236582 2.0164044 2.0915762 1.7449538 2.1379518 2.2003450 2.4002854 2.3174827 2.3672151 2.3140571 0.2555812 2.3464739 2.2647554 2.3391380 0.0000000 2.0417573 2.3884382 2.3067748 1.8812647 1.5838515 2.9773900 1.9821498 1.6584624 1.7794655 1.8471308 1.8780158 1.7389054 2.0450606 1.8402277 2.0029458 1.7908683 1.6997251 1.8234915 1.7796268 2.0596040 0.3884657 0.6484994 0.5446098 0.6130285 0.5772087 0.3135860 0.4764679 0.5360902 0.6395487 0.7252362 0.4222526 0.6697886 0.5837074 0.4800209 0.4998981 0.5158472 
AII_Hydrogenovibr_GammaP_HydrogenOxidizing    3.2263264 0.0925883 1.0371483 0.8183516 0.4147705 0.3230495 0.4635513 0.5316499 0.5501059 0.4594458 2.1324680 0.4848235 1.0633594 1.0061776 2.0417573 0.0000000 0.5451482 0.4435217 1.4978810 1.3310385 1.9731304 1.5580974 1.7370425 1.6766234 1.6934622 1.5514166 1.4199288 1.8944342 1.4633996 1.9504895 1.8815013 1.6657007 1.4329961 1.5603939 1.5916839 2.1815617 1.8544794 2.2763292 2.0564600 1.8291798 2.0811401 2.1724781 2.2081309 2.3937881 1.9804433 1.9368299 2.0988566 1.9648540 1.9512851 1.9203243 1.8722160 
AII_Rhodobacter_AlphaP                        3.0156448 0.5707029 1.2582062 1.1536290 0.5525189 0.4655448 0.4541879 0.5877352 0.6792632 0.4843549 2.2377128 0.4779023 1.0363245 1.0979355 2.3884382 0.5451482 0.0000000 0.4910327 1.5509966 1.6645575 2.3399168 1.5817305 1.5636574 1.7603215 1.8910058 1.5588459 1.4099446 2.0864015 1.5129318 2.2915982 2.0476415 1.7765931 1.5855811 1.5702747 1.6336852 2.2089487 1.9313204 2.5414817 2.3433298 2.1591802 2.1818640 2.2110806 2.0750874 2.5819835 2.0611073 2.2024152 2.2360685 2.0784239 2.1552437 2.0246825 2.2455513 
AII_Thiobacillus_BetaP                        3.0389490 0.5226728 1.2207763 1.0669696 0.2584505 0.4291278 0.1397276 0.3724158 0.5490648 0.2648570 2.2202234 0.2039915 1.0121073 1.0287610 2.3067748 0.4435217 0.4910327 0.0000000 1.5385111 1.4891225 2.3779697 1.6043308 1.6666248 1.6163602 1.7417915 1.6421220 1.3360919 2.0079672 1.4896489 1.9049608 1.8491457 1.7572726 1.6320995 1.5845330 1.7398738 2.2676820 2.0371274 2.4422485 2.2114166 2.1025998 2.2051434 2.3965308 2.3408126 2.3601349 1.8631228 2.1309371 2.1506311 1.8644913 2.2221292 2.1088206 2.1776221 
B_Anabaena_Cyanob                             2.9013419 1.4865708 1.4350797 1.2114407 1.3855500 1.5700574 1.5961610 1.4335121 1.3278488 1.5153500 1.7474521 1.6501728 1.5766724 1.6033143 1.8812647 1.4978810 1.5509966 1.5385111 0.0000000 1.0356414 2.0246378 1.3114768 0.4055955 1.2604728 1.1734696 0.0479076 1.0488520 1.1243644 0.3945425 0.9834507 1.1870551 0.5957312 0.4947449 0.5302452 0.4600215 1.9658170 1.5609600 1.7477447 1.9094537 1.5776533 1.8007176 1.8836619 1.7697664 1.9120438 1.6797552 1.8364734 1.5893921 1.4941452 1.8613914 1.8248533 1.8601585 
B_Chlamydomonas_Alga                          2.9755833 1.3439628 1.4302677 1.2171835 1.2683411 1.4979441 1.4935259 1.4478671 1.4259066 1.3159814 1.6785010 1.4558238 1.7597225 1.8425753 1.5838515 1.3310385 1.6645575 1.4891225 1.0356414 0.0000000 1.3462266 0.7611120 0.9419064 1.1966804 1.3377414 1.0505107 0.9871501 0.9790871 1.0725040 1.1235736 1.2431856 1.0447579 1.2206410 1.0568341 1.1686508 1.7059142 1.7220319 1.8063940 1.7018007 1.5426421 1.8630430 1.6347357 1.6177347 2.0384049 1.7630238 1.5692818 1.7491084 1.7121424 1.5263270 1.6045194 1.6361578 
B_Chlorellaalga                               3.0083689 2.0008409 2.5029280 2.3600840 2.2880358 2.0303224 2.2368079 2.2334325 2.0835591 2.1210504 2.6814492 2.4507203 2.8391889 3.0152348 2.9773900 1.9731304 2.3399168 2.3779697 2.0246378 1.3462266 0.0000000 1.3919270 2.0994790 1.8938619 2.0603691 1.9835897 1.8737791 1.9082548 1.8267015 1.9680398 2.2170092 1.9474554 2.0422550 1.9786129 2.2770722 2.8268759 3.0950913 2.9877109 2.9041953 2.7469900 2.9021125 3.0090502 2.8833657 2.9099403 2.9853109 2.9375302 2.8341659 2.9554938 2.9437502 2.6949628 2.7999704 
B_Euglena_Protist                             4.3318575 1.6368065 1.9310064 1.5789414 1.4826346 1.5265769 1.6002734 1.3605373 1.4160622 1.5094004 1.9962009 1.5782481 1.8670541 2.0361361 1.9821498 1.5580974 1.5817305 1.6043308 1.3114768 0.7611120 1.3919270 0.0000000 1.1306273 1.1450027 1.0976716 1.3185669 1.2178467 0.8861834 1.3726167 1.1713549 1.1122554 1.3079555 1.3477365 1.0862186 1.4537168 2.0060673 1.8270597 2.0351835 2.0540537 2.0119848 2.1960094 2.3612118 2.2617289 2.0899925 1.8863665 2.0549472 1.9443225 1.9872072 2.0000020 1.9681874 2.0030165 
B_Gloeobacter_Cyanob                          3.3149439 1.6386558 1.5186503 1.1565244 1.5695653 1.5115616 1.6895491 1.5021125 1.2572980 1.7154332 1.5616605 1.7159493 1.6211779 1.6816134 1.6584624 1.7370425 1.5636574 1.6666248 0.4055955 0.9419064 2.0994790 1.1306273 0.0000000 1.2362732 1.0674134 0.4152666 0.8204293 1.1478510 0.4732239 0.9482141 1.0541283 0.6479059 0.5797027 0.4235877 0.5456760 1.5329642 1.4085797 1.7860575 1.8185931 1.3673531 1.6984457 1.5742375 1.4975364 1.7432914 1.5819047 1.7301837 1.3781806 1.4790950 1.4462667 1.4447108 1.6448941 
B_Marchantia_Plant                            3.3240411 1.7450874 1.9364733 1.4537831 1.4690861 1.5479773 1.6257546 1.5258288 1.6090808 1.5269267 1.6945334 1.5149126 2.0460794 1.9767766 1.7794655 1.6766234 1.7603215 1.6163602 1.2604728 1.1966804 1.8938619 1.1450027 1.2362732 0.0000000 0.8754272 1.2772079 1.2258534 0.7767448 1.0290358 0.8144680 0.9483465 1.1321286 1.1710078 0.9835342 1.3767263 1.8766724 1.8575451 1.9174655 1.9983505 1.6468950 1.7230573 1.8753535 1.8004323 2.0367503 1.8322139 1.9420924 1.8790642 1.8548631 2.0180347 1.8017890 2.0273311 
B_Nicotiana_Planttabacco                      3.8792742 1.7126152 1.6627464 1.4654214 1.5126298 1.7100140 1.7023659 1.7029533 1.5741668 1.5847764 1.8422741 1.5238411 2.0150635 2.1375767 1.8471308 1.6934622 1.8910058 1.7417915 1.1734696 1.3377414 2.0603691 1.0976716 1.0674134 0.8754272 0.0000000 1.1581528 1.1995362 0.9253091 1.0066964 0.9236567 0.3470220 1.2928466 1.0106921 1.0835242 1.3554965 1.9971592 1.8083643 2.1031021 2.1706781 1.8945509 1.8690654 1.8036155 2.0314254 2.2812248 2.0493131 1.7527786 1.9640776 1.9739690 1.8169001 1.9344584 1.6952762 
B_Nostoc_Cyanob                               2.9733419 1.5393813 1.4397604 1.2366018 1.4411544 1.6231927 1.6260706 1.4940572 1.3552949 1.5481377 1.7455467 1.6788662 1.6202264 1.6475009 1.8780158 1.5514166 1.5588459 1.6421220 0.0479076 1.0505107 1.9835897 1.3185669 0.4152666 1.2772079 1.1581528 0.0000000 1.0513966 1.0687185 0.4244103 0.9625668 1.2190840 0.6331716 0.4907776 0.5398537 0.4873223 1.9572990 1.5951683 1.7956281 1.9640289 1.6283665 1.7986009 1.8748883 1.7778880 1.9623779 1.7130841 1.8153078 1.6413617 1.5589732 1.8549238 1.8709283 1.8433247 
B_Ostreococcus_alga                           3.4612898 1.4164108 1.5432983 1.2403295 1.4023349 1.3226836 1.3280530 1.2549848 1.1777128 1.2450536 1.8272810 1.4965030 1.9708535 1.9636224 1.7389054 1.4199288 1.4099446 1.3360919 1.0488520 0.9871501 1.8737791 1.2178467 0.8204293 1.2258534 1.1995362 1.0513966 0.0000000 1.1406721 1.0335961 1.2571309 1.2577366 1.0904599 1.0460494 0.9274275 1.1629859 1.9500969 1.9829057 2.1243391 2.0510125 1.4656949 1.8997844 1.9102354 1.8358138 2.1463803 1.8328020 2.0105824 1.5436256 1.6727646 1.9062242 1.5930341 2.0597540 
B_Physcomitrella_PlantMoss                    4.0268456 1.9264587 1.9154099 1.4895162 1.8103620 1.8201092 1.9524705 1.8975070 1.8858618 1.7190644 1.9104400 1.8454603 2.0969168 2.1247899 2.0450606 1.8944342 2.0864015 2.0079672 1.1243644 0.9790871 1.9082548 0.8861834 1.1478510 0.7767448 0.9253091 1.0687185 1.1406721 0.0000000 0.9448858 0.7919975 0.8676280 1.0272610 1.0678900 0.8848014 1.2947804 2.1125123 1.9021744 2.1121366 2.1380520 1.8940739 1.7269063 1.9510520 1.8525045 2.2248869 2.0245388 1.9974662 2.0920816 2.0517741 2.0643286 1.8296964 2.1511662 
B_Prochlorothrix_Cyano                        2.6610727 1.4882594 1.6465334 1.3479353 1.3247348 1.4472652 1.4000987 1.5482258 1.2432156 1.4322583 1.7009695 1.4840373 1.7783511 1.7459503 1.8402277 1.4633996 1.5129318 1.4896489 0.3945425 1.0725040 1.8267015 1.3726167 0.4732239 1.0290358 1.0066964 0.4244103 1.0335961 0.9448858 0.0000000 0.9375708 0.9768546 0.4448157 0.3894487 0.3813834 0.5572592 1.7455440 1.6321147 2.0527837 1.9760979 1.6910090 1.6481345 1.7605136 1.6492600 1.8972261 1.7513676 1.9342212 1.7828402 1.7223154 1.9140144 1.7281031 1.9072310 
B_Selaginella_PlantFern                       3.6787248 2.0972403 1.7044310 1.5689173 1.7154670 1.8676860 1.9951083 1.9609159 1.7025766 1.6843419 2.0241885 1.9433799 2.0959720 2.1066926 2.0029458 1.9504895 2.2915982 1.9049608 0.9834507 1.1235736 1.9680398 1.1713549 0.9482141 0.8144680 0.9236567 0.9625668 1.2571309 0.7919975 0.9375708 0.0000000 0.8398507 1.0780793 1.0404575 0.9734550 1.2152623 2.0463368 1.9434315 2.1743920 2.0512991 1.8002452 1.7855197 2.0029289 1.9066881 2.3113587 2.0406045 2.1732931 1.8811928 1.9500260 2.0725488 2.0214144 2.2146506 
B_Spinacia_Plant                              4.2877097 1.9320567 1.6142843 1.4665315 1.6324941 1.7085662 1.8974836 1.8141925 1.6458348 1.6789695 1.7830863 1.7849700 1.9436078 1.9826194 1.7908683 1.8815013 2.0476415 1.8491457 1.1870551 1.2431856 2.2170092 1.1122554 1.0541283 0.9483465 0.3470220 1.2190840 1.2577366 0.8676280 0.9768546 0.8398507 0.0000000 1.2674742 0.9955043 1.0054361 1.3495009 1.9587901 2.0122328 1.9297003 1.9580435 1.7407865 1.6203217 1.7508053 1.6413535 2.1211121 2.1116006 1.8950897 1.9125671 1.8832255 1.7645472 1.9829323 1.8971370 
B_Synechococcus_Cyanob                        3.1309223 1.6405063 1.6129500 1.4006182 1.6635227 1.6228934 1.6689083 1.5984146 1.4884918 1.6746039 1.6363925 1.8267666 1.8060530 1.8214623 1.6997251 1.6657007 1.7765931 1.7572726 0.5957312 1.0447579 1.9474554 1.3079555 0.6479059 1.1321286 1.2928466 0.6331716 1.0904599 1.0272610 0.4448157 1.0780793 1.2674742 0.0000000 0.5455056 0.4590696 0.7438182 1.7838480 1.7415912 1.9922434 2.0301203 1.8341123 1.5930848 1.8614482 1.6625252 2.0033802 1.8599195 1.8024252 1.8642327 2.0137249 1.8238998 1.9395735 1.9762279 
B_Synechocystis_Cyanob                        2.9994415 1.4072346 1.5392140 1.3419016 1.4512476 1.4598924 1.5497294 1.5756285 1.3085991 1.6030843 1.6806835 1.5244187 1.8714144 1.9032321 1.8234915 1.4329961 1.5855811 1.6320995 0.4947449 1.2206410 2.0422550 1.3477365 0.5797027 1.1710078 1.0106921 0.4907776 1.0460494 1.0678900 0.3894487 1.0404575 0.9955043 0.5455056 0.0000000 0.5541337 0.4737682 1.6972959 1.5888126 1.9378858 1.9468891 1.6647418 1.6746019 1.9206066 1.7883640 1.8337893 1.6492916 1.7815246 1.8113564 1.6496753 1.9013972 1.8917879 1.7872996 
B_Thermosynechococcus_Cyanob                  2.9802538 1.4460281 1.5822300 1.2842115 1.3756789 1.4377310 1.5268631 1.4038892 1.2185784 1.4841958 1.6866262 1.6055206 1.7850484 1.7055098 1.7796268 1.5603939 1.5702747 1.5845330 0.5302452 1.0568341 1.9786129 1.0862186 0.4235877 0.9835342 1.0835242 0.5398537 0.9274275 0.8848014 0.3813834 0.9734550 1.0054361 0.4590696 0.5541337 0.0000000 0.5594722 1.7103302 1.5370897 1.8045792 1.7577711 1.5907175 1.7245605 1.7952611 1.7357137 1.7447388 1.7252202 1.9560875 1.6572600 1.5886270 1.8393894 1.7988586 1.8144426 
B_Trichodesmium_Cyanob                        2.7533822 1.4373749 1.5686372 1.3357614 1.4152517 1.4254934 1.8070706 1.5057822 1.2235927 1.6543128 1.8593773 1.6595956 1.8282881 1.8338137 2.0596040 1.5916839 1.6336852 1.7398738 0.4600215 1.1686508 2.2770722 1.4537168 0.5456760 1.3767263 1.3554965 0.4873223 1.1629859 1.2947804 0.5572592 1.2152623 1.3495009 0.7438182 0.4737682 0.5594722 0.0000000 1.8962304 1.6667671 2.1170469 2.0319350 1.6929310 1.9692215 2.0783454 1.9677658 1.9043345 1.8530732 1.8325327 1.7340918 1.6832686 2.0167574 2.0524876 1.9946214 
CD_Acidiphilium_AlphaP                        2.6534869 2.0344137 1.9464027 1.7225089 2.1285783 2.0840142 2.3473328 2.1510042 2.2030261 2.2066260 0.4824025 2.2043704 2.0470609 2.1156040 0.3884657 2.1815617 2.2089487 2.2676820 1.9658170 1.7059142 2.8268759 2.0060673 1.5329642 1.8766724 1.9971592 1.9572990 1.9500969 2.1125123 1.7455440 2.0463368 1.9587901 1.7838480 1.6972959 1.7103302 1.8962304 0.0000000 0.8062412 0.6811610 0.6720291 0.7207383 0.5354135 0.7584131 0.7556774 0.6474460 0.6831174 0.6816350 0.7640109 0.6937910 0.7065781 0.7609586 0.6326610 
CD_Burkholderia_BetaP                         3.1369648 1.8749785 2.1599886 1.5727255 1.7940621 1.9050549 2.1191120 1.8440235 1.7525021 1.9592212 0.6692268 2.1735630 2.0466614 2.0900893 0.6484994 1.8544794 1.9313204 2.0371274 1.5609600 1.7220319 3.0950913 1.8270597 1.4085797 1.8575451 1.8083643 1.5951683 1.9829057 1.9021744 1.6321147 1.9434315 2.0122328 1.7415912 1.5888126 1.5370897 1.6667671 0.8062412 0.0000000 0.8943846 0.7822184 0.7319947 0.6990557 0.7030326 0.7507264 1.0021393 0.8943837 0.7315420 0.7642316 0.7106469 0.6799409 0.6415035 0.6390617 
CD_Cylindrotheca_alga                         3.3029771 2.3070824 2.5543310 2.0074129 2.1418764 2.2941283 2.6440102 2.4090174 2.3253187 2.3577499 0.5536425 2.3759986 2.3301190 2.3889178 0.5446098 2.2763292 2.5414817 2.4422485 1.7477447 1.8063940 2.9877109 2.0351835 1.7860575 1.9174655 2.1031021 1.7956281 2.1243391 2.1121366 2.0527837 2.1743920 1.9297003 1.9922434 1.9378858 1.8045792 2.1170469 0.6811610 0.8943846 0.0000000 0.3595564 0.5710731 0.6617753 0.6933671 0.7689163 0.1741162 0.5673996 0.7217832 0.6116797 0.5044764 0.7186709 0.8318189 0.6496648 
CD_Ectocarpus_algabrown                       3.0233773 2.1628667 2.3271425 1.9886364 1.9009718 2.2243106 2.3579469 2.2452124 2.2549196 2.3295356 0.5999883 2.2620601 2.1408062 2.1003543 0.6130285 2.0564600 2.3433298 2.2114166 1.9094537 1.7018007 2.9041953 2.0540537 1.8185931 1.9983505 2.1706781 1.9640289 2.0510125 2.1380520 1.9760979 2.0512991 1.9580435 2.0301203 1.9468891 1.7577711 2.0319350 0.6720291 0.7822184 0.3595564 0.0000000 0.5746543 0.6328192 0.7084036 0.7939525 0.4332840 0.4918223 0.7221165 0.6244688 0.3913157 0.6614361 0.8265978 0.7260331 
CD_Emiliania_Diatom_PhytoplanktonEu           3.2699049 1.7364620 2.0210437 1.6251960 1.9222135 1.9602755 2.1339635 1.8860818 1.7511671 1.9263311 0.6182517 2.0834475 2.2774502 2.3502843 0.5772087 1.8291798 2.1591802 2.1025998 1.5776533 1.5426421 2.7469900 2.0119848 1.3673531 1.6468950 1.8945509 1.6283665 1.4656949 1.8940739 1.6910090 1.8002452 1.7407865 1.8341123 1.6647418 1.5907175 1.6929310 0.7207383 0.7319947 0.5710731 0.5746543 0.0000000 0.7232469 0.6348951 0.6513202 0.6464419 0.6882799 0.7850566 0.2055830 0.4410661 0.7866839 0.6522637 0.7414618 
CD_Nitrobacter_AlphaP                         2.9586785 2.1005818 2.2153270 1.7186145 2.0592053 2.0430576 2.2384174 2.1588397 2.3346398 2.2282815 0.1242332 2.2754396 2.0767364 2.0947199 0.3135860 2.0811401 2.1818640 2.2051434 1.8007176 1.8630430 2.9021125 2.1960094 1.6984457 1.7230573 1.8690654 1.7986009 1.8997844 1.7269063 1.6481345 1.7855197 1.6203217 1.5930848 1.6746019 1.7245605 1.9692215 0.5354135 0.6990557 0.6617753 0.6328192 0.7232469 0.0000000 0.5864861 0.5836672 0.7047098 0.7633593 0.4540805 0.7796093 0.6924889 0.5636317 0.6505630 0.5812567 
CD_Nitrosococcus_GammaP                       3.2961186 2.1062689 1.7737483 1.6118476 2.1013444 2.2469780 2.3715896 2.1493349 2.1699985 2.2413642 0.5276378 2.1044353 2.0875700 2.1276737 0.4764679 2.1724781 2.2110806 2.3965308 1.8836619 1.6347357 3.0090502 2.3612118 1.5742375 1.8753535 1.8036155 1.8748883 1.9102354 1.9510520 1.7605136 2.0029289 1.7508053 1.8614482 1.9206066 1.7952611 2.0783454 0.7584131 0.7030326 0.6933671 0.7084036 0.6348951 0.5864861 0.0000000 0.2082765 0.7859335 0.7450232 0.6206953 0.6410382 0.5883136 0.6813507 0.4430066 0.6399515 
CD_Nitrosospira_BetaP                         3.1185186 2.1566852 1.9104600 1.6621063 2.1497120 2.2026020 2.3239999 2.1675558 2.1563605 2.1886852 0.5436101 2.2764505 2.1566055 2.2513210 0.5360902 2.2081309 2.0750874 2.3408126 1.7697664 1.6177347 2.8833657 2.2617289 1.4975364 1.8004323 2.0314254 1.7778880 1.8358138 1.8525045 1.6492600 1.9066881 1.6413535 1.6625252 1.7883640 1.7357137 1.9677658 0.7556774 0.7507264 0.7689163 0.7939525 0.6513202 0.5836672 0.2082765 0.0000000 0.8597350 0.7298306 0.6507216 0.6144408 0.6557024 0.6984160 0.3688885 0.6386105 
CD_Odontella_alga                             2.9864212 2.2921185 2.5447374 2.0285977 2.2393510 2.2429861 2.5179153 2.4318297 2.3258241 2.4772517 0.5991633 2.4356011 2.2311916 2.2744030 0.6395487 2.3937881 2.5819835 2.3601349 1.9120438 2.0384049 2.9099403 2.0899925 1.7432914 2.0367503 2.2812248 1.9623779 2.1463803 2.2248869 1.8972261 2.3113587 2.1211121 2.0033802 1.8337893 1.7447388 1.9043345 0.6474460 1.0021393 0.1741162 0.4332840 0.6464419 0.7047098 0.7859335 0.8597350 0.0000000 0.5762790 0.7838735 0.6702092 0.5645487 0.7654681 0.8669152 0.7206476 
CD_Olisthodiscus_alga                         3.1077597 1.9994958 2.0946524 1.8823752 1.9184995 2.1173975 2.0188200 1.9008517 1.8879507 1.9034717 0.6815296 1.9572429 2.1308915 2.1639151 0.7252362 1.9804433 2.0611073 1.8631228 1.6797552 1.7630238 2.9853109 1.8863665 1.5819047 1.8322139 2.0493131 1.7130841 1.8328020 2.0245388 1.7513676 2.0406045 2.1116006 1.8599195 1.6492916 1.7252202 1.8530732 0.6831174 0.8943837 0.5673996 0.4918223 0.6882799 0.7633593 0.7450232 0.7298306 0.5762790 0.0000000 0.8273627 0.6783292 0.5645287 0.8361152 0.8486117 0.8872806 
CD_Paracoccus_AlphaP                          2.9121622 1.9524652 2.3031466 1.7365913 1.8795155 1.9989630 2.2932817 2.1340380 2.1385954 1.9425561 0.4269162 2.1559345 2.0438002 2.1655417 0.4222526 1.9368299 2.2024152 2.1309371 1.8364734 1.5692818 2.9375302 2.0549472 1.7301837 1.9420924 1.7527786 1.8153078 2.0105824 1.9974662 1.9342212 2.1732931 1.8950897 1.8024252 1.7815246 1.9560875 1.8325327 0.6816350 0.7315420 0.7217832 0.7221165 0.7850566 0.4540805 0.6206953 0.6507216 0.7838735 0.8273627 0.0000000 0.8556050 0.7622742 0.3698340 0.7179042 0.4139676 
CD_Pleurochrysis_alga                         3.1097164 2.0186813 2.2341107 1.7697821 2.1623260 2.2061327 2.2467330 1.9532809 2.0525454 2.2045745 0.7090342 2.3588936 2.5412675 2.5919214 0.6697886 2.0988566 2.2360685 2.1506311 1.5893921 1.7491084 2.8341659 1.9443225 1.3781806 1.8790642 1.9640776 1.6413617 1.5436256 2.0920816 1.7828402 1.8811928 1.9125671 1.8642327 1.8113564 1.6572600 1.7340918 0.7640109 0.7642316 0.6116797 0.6244688 0.2055830 0.7796093 0.6410382 0.6144408 0.6702092 0.6783292 0.8556050 0.0000000 0.4196228 0.7953023 0.6420015 0.7687676 
CD_Porphyridium_alga                          3.1960859 1.9751243 2.3975173 1.7958758 1.8650502 1.9821484 2.0755104 1.8245944 1.8385731 1.9199248 0.6532543 2.0267446 2.3356374 2.3404995 0.5837074 1.9648540 2.0784239 1.8644913 1.4941452 1.7121424 2.9554938 1.9872072 1.4790950 1.8548631 1.9739690 1.5589732 1.6727646 2.0517741 1.7223154 1.9500260 1.8832255 2.0137249 1.6496753 1.5886270 1.6832686 0.6937910 0.7106469 0.5044764 0.3913157 0.4410661 0.6924889 0.5883136 0.6557024 0.5645487 0.5645287 0.7622742 0.4196228 0.0000000 0.7528711 0.7073484 0.7568000 
CD_Rhodobacter_AlphaP                         2.9586064 1.9272990 2.0938491 1.6441740 2.1119415 2.1577486 2.2830576 2.0693260 2.3081733 2.2206562 0.5310497 2.3455772 2.1731417 2.2428224 0.4800209 1.9512851 2.1552437 2.2221292 1.8613914 1.5263270 2.9437502 2.0000020 1.4462667 2.0180347 1.8169001 1.8549238 1.9062242 2.0643286 1.9140144 2.0725488 1.7645472 1.8238998 1.9013972 1.8393894 2.0167574 0.7065781 0.6799409 0.7186709 0.6614361 0.7866839 0.5636317 0.6813507 0.6984160 0.7654681 0.8361152 0.3698340 0.7953023 0.7528711 0.0000000 0.6570829 0.3489080 
CD_Rubrivivax_BetaP                           3.1108150 1.9313684 1.9416976 1.6589875 2.0774543 1.9184023 2.0247608 1.9518759 1.8086275 1.8854805 0.5797823 2.0187800 2.1520021 2.2806961 0.4998981 1.9203243 2.0246825 2.1088206 1.8248533 1.6045194 2.6949628 1.9681874 1.4447108 1.8017890 1.9344584 1.8709283 1.5930341 1.8296964 1.7281031 2.0214144 1.9829323 1.9395735 1.8917879 1.7988586 2.0524876 0.7609586 0.6415035 0.8318189 0.8265978 0.6522637 0.6505630 0.4430066 0.3688885 0.8669152 0.8486117 0.7179042 0.6420015 0.7073484 0.6570829 0.0000000 0.6356830 
CD_Sinorhizobium_AlphaP                       2.7875196 1.8178795 2.2046305 1.8075508 1.9071100 1.9837323 2.2475359 2.0004817 2.1485394 2.0403528 0.5531145 2.1396121 2.1940143 2.2543658 0.5158472 1.8722160 2.2455513 2.1776221 1.8601585 1.6361578 2.7999704 2.0030165 1.6448941 2.0273311 1.6952762 1.8433247 2.0597540 2.1511662 1.9072310 2.2146506 1.8971370 1.9762279 1.7872996 1.8144426 1.9946214 0.6326610 0.6390617 0.6496648 0.7260331 0.7414618 0.5812567 0.6399515 0.6386105 0.7206476 0.8872806 0.4139676 0.7687676 0.7568000 0.3489080 0.6356830 0.0000000 
